58.53 137084.64,1800
165744.4 90012.13,1800
